# Gate voltage V_Q (V), Qubit frequency f_{01} (GHz), dispersion amplitude \delta_{01} (MHz)
-2.486120000000000108e+00 2.594541190965216071e+00 3.420254292709121842e+02
-2.485139999999999905e+00 2.671310769687389453e+00 3.263407486469423020e+02
-2.483940000000000037e+00 2.781219072263912739e+00 2.969301220150590552e+02
-2.482479999999999798e+00 2.921538137109998878e+00 2.546404402286759421e+02
-2.480999999999999872e+00 3.050957010032370409e+00 2.281613625566856172e+02
-2.480280000000000040e+00 3.123517894619964874e+00 2.059476602912590977e+02
-2.479459999999999997e+00 3.212378081691540821e+00 1.868754765576161674e+02
-2.478079999999999838e+00 3.351309316788280590e+00 1.592013128658185224e+02
-2.476960000000000051e+00 3.463784503577006735e+00 1.320639218886134927e+02
-2.475519999999999943e+00 3.609084069307884501e+00 1.017460230200306626e+02
-2.474959999999999827e+00 3.659279018787142679e+00 9.591168093238744063e+01
-2.473619999999999930e+00 3.778966940186005097e+00 7.973166930478558356e+01
-2.472300000000000164e+00 3.895705519044269760e+00 6.724279252821085606e+01
-2.470979999999999954e+00 4.007269072625947892e+00 4.909983456015698522e+01
-2.469619999999999926e+00 4.111720744446057729e+00 3.920466380817533292e+01
-2.468199999999999950e+00 4.216543393056452871e+00 2.791935265619915896e+01
-2.467499999999999805e+00 4.261860060520215043e+00 2.648654446004528040e+01
-2.466839999999999922e+00 4.301579642452980856e+00 2.621864449645627815e+01
-2.466120000000000090e+00 4.342484212347959449e+00 2.528796384228204630e+01
-2.465320000000000178e+00 4.386732995159663417e+00 2.255282648220280350e+01
-2.464560000000000084e+00 4.423830754234907126e+00 2.180719150245824522e+01
-2.463940000000000019e+00 4.459183689697481690e+00 1.510575094217259107e+01
-2.463420000000000165e+00 4.485097801398035600e+00 1.260810891513841625e+01
-2.461300000000000043e+00 4.564248857370834855e+00 6.717072295419512784e+00
-2.460360000000000102e+00 4.590670906549677355e+00 6.285079677398108799e+00
-2.459779999999999855e+00 4.603682855764863469e+00 6.395558274125967557e+00
-2.458180000000000032e+00 4.631403169493442995e+00 5.259711290603874545e+00
-2.457500000000000018e+00 4.637585073927152024e+00 4.809805953477130913e+00
-2.456599999999999895e+00 4.642361229807622891e+00 5.064342117000464327e+00
-2.456139999999999990e+00 4.643575278994524602e+00 4.217122831036590469e+00
-2.455680000000000085e+00 4.642524817724484443e+00 5.459308158211939599e+00
-2.455099999999999838e+00 4.639756961535329793e+00 5.414974731600352698e+00
-2.454460000000000086e+00 4.634082349358873643e+00 5.784996358112692860e+00
-2.453539999999999832e+00 4.623485753736396475e+00 5.759311810500378215e+00
-2.453320000000000167e+00 4.620134014388733945e+00 5.017463946253464258e+00
-2.452840000000000131e+00 4.610352705299145981e+00 6.164756336064058928e+00
-2.452160000000000117e+00 4.592627071205279243e+00 8.282139959906231752e+00
-2.451519999999999921e+00 4.576559134345744795e+00 1.067079698877027027e+01
-2.448599999999999888e+00 4.472849756004853461e+00 1.772570986033450424e+01
-2.447480000000000100e+00 4.422313174068924546e+00 2.036098560008969827e+01
-2.447159999999999780e+00 4.406175885624415756e+00 2.349468003663623961e+01
-2.446520000000000028e+00 4.376708623237542284e+00 2.248074854636605835e+01
-2.445899999999999963e+00 4.343313290955649997e+00 2.930716552934953256e+01
-2.445300000000000029e+00 4.308662599095015366e+00 3.649666873263424094e+01
-2.444620000000000015e+00 4.269106695567526089e+00 3.460838220182260727e+01
-2.442460000000000075e+00 4.143458531421388535e+00 4.424017511500366595e+01
-2.441699999999999982e+00 4.095005320742546751e+00 4.593640851471736397e+01
-2.441339999999999844e+00 4.072652922801899500e+00 4.234535570561348550e+01
-2.440599999999999881e+00 4.021666199071755265e+00 5.351012080758454914e+01
-2.440420000000000034e+00 4.008102571066212150e+00 5.607353739403109216e+01
-2.439900000000000180e+00 3.968918756827953587e+00 6.448260507400327413e+01
-2.439519999999999911e+00 3.941536605511728464e+00 6.934585051006037304e+01
-2.438320000000000043e+00 3.855650715562014774e+00 8.168279875457517392e+01
-2.437739999999999796e+00 3.815772344505088398e+00 7.946949045926609756e+01
-2.437059999999999782e+00 3.768746275707768767e+00 9.045827866321243960e+01
-2.435820000000000096e+00 3.687038665066042054e+00 9.560049479330734812e+01
-2.435179999999999900e+00 3.640138026424013074e+00 1.041205333670291964e+02
-2.434540000000000148e+00 3.595331142894737653e+00 1.135459188637759667e+02
-2.433359999999999967e+00 3.512343790222213880e+00 1.235258782263439770e+02
-2.432700000000000085e+00 3.462370970805886738e+00 1.341372748483604767e+02
-2.432160000000000100e+00 3.423985084861699946e+00 1.427848186164197841e+02
-2.430779999999999941e+00 3.325248165197225436e+00 1.656394377568068990e+02
-2.429840000000000000e+00 3.258721854355909997e+00 1.683239780109055914e+02
-2.429060000000000219e+00 3.206768124008363863e+00 1.868849966550669706e+02
-2.428339999999999943e+00 3.156632174449089057e+00 1.809668993919650859e+02
-2.424500000000000099e+00 2.889240443466404074e+00 2.530976926531756135e+02
-2.422820000000000196e+00 2.782286373205895558e+00 2.965891392257447023e+02
-2.422660000000000036e+00 2.772758988664184354e+00 2.971477747521275887e+02
-2.422540000000000138e+00 2.765613450257914607e+00 2.965121352367416989e+02
-2.422320000000000029e+00 2.752513296513068752e+00 2.991125552466904765e+02
-2.422000000000000153e+00 2.733458527429672991e+00 3.063857088352368692e+02
-2.421759999999999913e+00 2.719167450617106851e+00 3.110761898858465315e+02
-2.421060000000000212e+00 2.677485143247180677e+00 3.081808534003478144e+02
