# Gate voltage V_Q (V), Qubit frequency f_{01} (GHz), dispersion amplitude \delta_{01} (MHz)
-2.774999999999999911e+00 2.510473038832170989e+00 3.874254839380499789e+02
-2.715000000000000302e+00 3.094166502921992024e+00 2.042439515318759220e+02
-2.769000000000000128e+00 3.120083389270585705e+00 1.975290989765525751e+02
-2.721000000000000085e+00 3.585515718075426683e+00 9.322657450946803692e+01
-2.762999999999999901e+00 3.675534896228859427e+00 8.452780212074495125e+01
-2.727000000000000313e+00 3.917983781769784457e+00 4.890172600969311389e+01
-2.757000000000000117e+00 4.097388855069205249e+00 3.025866715377034666e+01
-2.733000000000000096e+00 4.145952964846673972e+00 2.582208464148738614e+01
-2.739000000000000323e+00 4.308611953622174973e+00 9.706230019641992612e+00
-2.750999999999999890e+00 4.332278587175065532e+00 8.119558074656474389e+00
-2.745000000000000107e+00 4.387237670238764764e+00 2.951576451237336585e+00
